0 0 5 7 4 13 7 14 5 6 8 11 6 7 6 9 7
1 1 7 7 6 9 7 10 4 14 6 13 3 10 4 14 4
1 2 0 5 7 9 4 10 8 7 6 10 7
1 3 7 5 8 9 3 11 8 13 7 8 8
2 4 4 6 7 12 4 9 3 6 6 5 4 14 4
2 5 9 6 5 5 8 5 5 8 7 15 7 6 5
2 6 1 5 6 12 4 7 6 15 6 7 4
3 7 8 5 8 13 6 10 4 8 4 6 3
4 8 5 6 3 11 6 7 3 7 4 13 8 10 8
4 9 3 6 3 11 7 7 6 15 8 10 3 8 6
4 10 3 6 5 6 7 15 7 7 7 7 6 11 6
5 11 1 5 8 5 6 11 6 9 6 8 8
5 12 4 7 3 5 6 8 6 9 5 9 8 8 8 5 4
6 13 4 5 7 11 5 14 6 14 4 8 4
6 14 5 5 7 10 7 7 8 7 4 11 5
7 15 6 6 4 6 3 13 4 10 4 13 7 12 4
7 16 7 5 4 5 7 10 4 8 6 7 7
7 17 4 6 6 10 6 7 8 8 6 6 3 14 7
8 18 7 6 8 7 8 13 5 14 6 13 7 7 8
9 19 7 7 6 11 5 15 4 9 7 13 7 6 4 14 6
9 20 2 6 4 9 7 7 7 12 3 7 6 10 6
10 21 4 5 6 8 8 9 5 10 6 13 4
11 22 8 5 3 15 5 8 4 13 5 6 6
12 23 6 6 8 12 8 11 7 10 7 12 5 8 6
12 24 1 7 6 6 8 9 6 13 6 11 8 8 4 10 7
13 25 0 5 3 14 8 15 5 12 8 9 6
14 26 8 6 4 11 3 12 3 14 3 5 3 7 5
14 27 0 6 8 9 7 15 3 8 7 7 5 10 4
15 28 2 6 6 9 5 10 8 12 7 12 3 6 8
15 29 9 7 3 11 7 11 6 15 3 8 3 8 5 12 4
16 30 1 5 4 5 7 9 7 13 4 14 4
16 31 4 6 5 15 5 9 3 8 4 12 4 8 3
17 32 7 6 5 7 7 6 6 13 3 7 4 6 6
18 33 0 5 7 15 5 10 3 6 6 6 5
19 34 7 7 5 5 8 6 7 14 7 5 7 12 7 6 8
19 35 3 5 4 12 3 8 4 9 7 13 5
19 36 2 5 7 5 7 6 6 10 8 13 3
20 37 3 5 5 5 5 11 8 9 6 5 6
20 38 5 5 8 15 6 14 4 9 3 12 3
20 39 9 6 3 14 5 9 6 9 3 8 6 15 5
21 40 9 7 7 10 4 13 3 11 6 6 6 7 4 10 8
21 41 0 7 8 14 4 11 4 7 4 6 6 10 5 13 3
22 42 1 5 6 15 8 14 7 10 7 9 6
23 43 2 6 3 6 8 7 8 5 3 13 3 10 3
23 44 4 5 5 15 8 5 4 8 5 12 4
23 45 3 7 7 10 7 15 6 9 3 6 5 15 4 11 8
24 46 0 6 8 8 6 6 6 12 8 13 6 10 4
25 47 1 6 5 15 8 11 8 7 4 12 6 15 7
25 48 7 6 8 15 3 13 6 11 6 10 8 13 4
25 49 2 6 8 9 7 5 8 13 7 6 8 15 3
26 50 2 6 7 12 4 12 8 14 7 8 3 7 6
27 51 8 5 5 11 6 13 3 7 4 11 7
27 52 6 5 7 15 6 8 3 8 3 5 6
28 53 7 6 5 13 4 5 3 6 3 5 3 8 3
28 54 3 6 7 5 6 11 8 11 3 9 7 15 3
29 55 3 6 5 13 3 13 4 8 3 10 6 10 7
30 56 5 6 7 7 4 14 8 6 8 9 5 11 5
31 57 4 6 5 9 8 5 4 6 6 15 8 9 4
32 58 4 7 5 14 3 12 6 15 5 5 4 10 7 15 5
32 59 6 7 8 7 4 9 7 9 7 14 5 12 3 13 5
33 60 7 7 8 13 5 7 4 5 6 10 7 11 7 5 6
33 61 4 5 4 13 6 8 3 7 8 14 5
34 62 1 5 5 14 5 14 7 7 8 15 4
34 63 1 7 8 5 6 5 7 13 7 14 3 15 4 6 5
34 64 0 6 6 15 7 13 5 7 8 7 3 12 7
35 65 1 6 3 7 3 11 5 13 7 14 6 10 8
35 66 4 6 5 5 8 12 7 15 4 11 5 5 3
36 67 7 6 3 11 8 15 6 10 6 15 4 5 6
36 68 5 6 6 5 3 11 4 15 8 13 5 15 7
36 69 9 7 4 9 6 14 4 10 4 8 7 9 7 6 7
37 70 8 5 3 13 5 11 7 14 8 7 8
37 71 2 6 5 7 5 12 4 12 6 8 8 9 3
37 72 3 6 4 13 5 5 5 14 6 12 3 15 8
38 73 1 5 7 10 7 9 6 5 4 8 8
38 74 2 6 3 12 5 10 8 8 6 15 3 5 3
39 75 4 5 4 6 8 5 4 8 6 15 6
40 76 9 5 6 14 4 14 8 15 6 10 6
40 77 5 7 3 6 3 14 8 7 3 9 4 6 7 9 3
41 78 4 7 8 8 3 8 3 12 8 5 8 13 3 9 6
41 79 7 6 4 10 3 14 8 12 5 10 7 8 7
42 80 0 6 6 14 3 12 8 11 6 8 3 7 5
42 81 4 7 5 14 6 6 5 12 8 13 4 9 3 5 8
42 82 5 6 4 12 8 13 4 6 4 8 7 9 3
43 83 8 7 6 5 6 13 4 15 8 13 8 8 6 15 5
44 84 2 7 7 12 8 6 5 7 3 5 4 7 5 12 6
44 85 3 5 5 10 5 9 3 12 7 13 4
45 86 7 6 8 8 3 7 5 8 7 15 4 8 4
46 87 1 5 6 10 3 7 6 10 8 15 5
46 88 7 5 4 5 3 15 4 13 3 10 7
46 89 0 7 4 10 4 13 7 9 3 14 7 7 6 13 4
47 90 8 7 4 9 6 7 8 5 8 11 3 13 3 8 7
47 91 7 6 8 7 3 12 5 8 4 5 6 5 5
48 92 2 7 8 13 5 15 8 13 7 12 8 13 3 10 6
48 93 7 6 5 10 3 9 8 10 8 13 8 11 6
48 94 4 7 3 7 3 7 6 15 8 7 7 8 5 11 7
49 95 2 6 4 9 7 11 5 5 8 13 6 7 4
50 96 3 6 6 5 4 10 7 15 5 15 8 15 6
51 97 1 5 8 14 5 14 8 7 6 8 7
52 98 8 7 5 5 3 9 8 5 8 12 8 10 6 8 4
52 99 1 7 5 12 6 6 8 14 6 7 7 8 5 7 5
