0 0 35 6 13 7 11 7 13 6 7 8
0 1 75 3 9 3 8 7 5 5 6 4
0 2 26 6 12 3 8 3 7 4 6 6 15 5
1 3 16 3 12 5 6 3 12 3 13 7 8 3
1 4 36 6 5 7 6 8 10 5 12 6 11 4
1 5 37 7 5 7 10 5 7 6 12 3 11 5 11 3
2 6 17 8 15 7 11 3 12 5 10 4 10 4 6 5
2 7 36 3 14 7 11 8 5 5 10 6 6 4
3 8 65 3 13 6 6 8 7 6 12 5
3 9 86 5 8 6 10 5 12 7 15 5 6 7
4 10 75 6 12 8 5 3 6 8 14 4
5 11 26 3 5 5 5 4 6 8 9 7 12 5
6 12 55 6 7 6 6 8 8 7 10 7
6 13 57 4 10 3 15 8 6 7 10 5 14 4 12 8
6 14 17 8 9 5 10 5 14 6 6 6 8 7 11 5
7 15 17 4 13 3 14 6 13 3 14 5 10 4 9 5
7 16 67 5 14 6 8 7 5 5 6 5 12 4 13 3
7 17 26 5 5 4 14 4 11 5 8 8 10 6
8 18 67 5 5 7 13 8 10 7 6 7 12 5 11 3
8 19 17 8 11 8 14 5 15 3 14 8 5 7 12 3
9 20 16 5 13 5 8 7 12 6 9 4 7 6
10 21 17 4 6 4 14 3 10 5 10 7 12 3 13 6
10 22 46 7 6 6 11 8 10 5 13 8 13 8
11 23 65 6 9 7 8 6 7 7 14 3
11 24 77 4 7 7 8 4 7 7 14 3 14 3 12 7
11 25 77 8 11 4 9 3 11 8 9 4 13 6 7 3
12 26 46 7 10 5 7 5 12 4 11 4 12 8
12 27 37 6 11 7 6 3 12 5 6 4 5 3 6 4
12 28 37 4 12 5 10 3 5 6 12 8 15 8 12 4
13 29 66 6 14 5 15 8 11 7 14 5 15 4
14 30 56 8 9 3 13 3 12 6 9 8 5 8
15 31 27 8 8 5 10 6 10 4 9 8 13 6 9 3
16 32 86 4 10 8 9 6 12 3 6 5 12 5
17 33 16 3 10 4 5 6 6 8 10 4 12 6
18 34 27 8 15 4 6 6 10 5 5 3 6 4 13 4
18 35 85 6 14 7 11 7 8 5 14 8
19 36 46 6 8 6 13 3 6 3 9 8 7 6
20 37 65 4 11 8 7 3 8 7 12 8
20 38 85 5 7 3 12 6 13 4 15 4
21 39 47 7 12 5 8 4 9 7 5 6 14 4 14 6
21 40 65 4 6 5 6 3 13 6 13 5
22 41 15 8 10 3 5 3 6 5 13 5
22 42 17 4 12 7 12 5 9 5 8 7 12 6 12 3
23 43 46 6 12 3 8 6 14 6 10 5 12 8
23 44 65 7 13 8 8 6 12 4 6 4
23 45 75 7 13 6 9 7 14 3 8 6
24 46 87 6 6 4 8 5 5 5 11 5 15 4 15 3
25 47 15 3 15 3 5 8 7 5 8 4
25 48 46 7 9 8 9 7 14 6 5 5 7 3
26 49 66 5 8 5 13 7 11 4 12 4 13 5
26 50 77 7 6 3 10 5 15 6 15 5 15 5 15 5
27 51 66 4 7 6 9 4 15 5 8 4 9 7
28 52 55 6 8 3 11 7 5 3 10 7
28 53 36 6 6 4 7 8 5 3 9 3 8 4
29 54 25 3 10 6 9 6 13 6 14 6
29 55 85 8 8 4 12 3 9 4 12 7
30 56 85 5 11 6 10 7 6 6 8 8
31 57 76 6 5 5 8 8 11 4 10 4 14 4
31 58 37 5 13 4 8 6 14 4 12 3 5 6 14 5
32 59 45 7 10 7 12 8 11 7 8 4
32 60 36 7 9 5 12 7 11 3 9 7 12 6
32 61 16 8 13 4 7 8 9 6 5 6 15 4
33 62 85 3 10 8 8 4 6 6 5 6
33 63 86 7 9 8 9 4 12 6 12 5 15 8
33 64 75 8 13 8 12 4 5 3 6 5
34 65 66 4 9 6 15 5 11 5 15 8 10 8
34 66 76 7 11 4 8 8 7 8 14 8 13 5
35 67 36 6 5 5 15 4 12 7 6 6 14 6
36 68 17 3 5 8 5 7 9 6 9 7 13 5 11 6
37 69 77 6 5 4 7 3 11 8 10 7 6 3 10 3
38 70 57 6 15 8 9 3 7 7 10 5 9 4 12 6
38 71 76 8 5 8 10 7 10 3 5 8 9 7
39 72 37 8 6 3 9 7 12 4 7 3 11 5 9 7
39 73 76 4 13 7 5 4 8 4 8 5 10 7
39 74 17 6 11 4 6 8 5 6 14 7 13 6 8 7
40 75 56 7 8 4 13 4 14 4 12 6 15 4
40 76 15 4 10 4 11 5 6 5 14 4
40 77 65 3 9 7 7 6 11 7 15 8
41 78 35 5 6 5 15 6 7 8 7 3
41 79 25 8 11 4 10 7 5 5 7 4
41 80 85 8 12 5 9 5 15 6 7 3
42 81 86 3 5 3 9 3 10 8 8 6 9 7
42 82 46 7 12 7 8 8 12 3 10 8 12 3
42 83 36 5 6 6 6 7 15 4 10 6 5 3
43 84 66 5 5 3 7 6 10 3 6 6 7 6
44 85 86 3 9 7 5 7 12 4 14 5 8 7
45 86 45 4 13 3 14 8 7 8 11 4
46 87 57 6 6 5 5 6 8 5 10 4 6 8 10 8
47 88 45 5 9 5 13 8 15 4 15 7
47 89 45 8 8 5 5 6 10 8 7 3
48 90 36 3 11 5 5 8 13 6 9 4 14 7
48 91 26 5 5 5 15 6 7 7 5 8 13 4
49 92 27 7 8 6 15 4 15 5 6 5 5 3 7 6
49 93 75 7 13 8 9 5 6 4 13 7
49 94 76 5 8 8 8 6 14 4 5 5 12 8
50 95 65 3 7 8 14 4 8 7 11 8
50 96 17 3 9 4 8 8 8 7 14 7 13 5 5 5
51 97 87 3 14 5 10 7 8 4 5 4 8 5 8 6
51 98 17 8 11 8 6 3 11 7 6 4 10 5 11 5
51 99 57 8 9 4 7 4 12 3 9 7 8 7 10 5
